401628319
401628320
401628321
401628322
401628323
401628324
401628325
401628326
401628327
401628328
401628329
401628330
401628331
401628332
401628333
401628334
401628335
401628336
401628337
401628338
401628339
401628340
401628341
401628342
401628343
401628344
401628345
401628346
401628347
401628348
401628349
401628350
401628351
401628352
401628353
401628354
401628355
401628356
401628357
401628358
401628359
401628360
401628361
401628362
401628363
401628364
401628365
401628366
401628367
401628368
401628369
401628370
401628371
401628372
401628373
401628374
401628375
401628376
401628377
401628378
401628379
401628380
401628381
401628382
401628383
401628384
401628385
401628386
401628387
401628388
401628389
401628390
401628391
401628392
401628393
401628394
401628395
401628396
401628397
401628398
401628399
401628400
401628401
401628402
401628403
401628404
401628405
401628406
401628407
401628408
401628409
401628410
401628411
401628412
401628413
401628414
401628415
401628416
401628417
401628418
401628419
401628420
401628421
401628422
401628423
401628424
401628425
401628426
401628427
401628428
401628429
401628430
401628431
401628432
401628433
401628434
401628435
401628436
401628437
401628438
401628439
401628440
401628441
401628442
401628443
401628444
401628445
401628446
401628448
401628449
401628450
401628451
401628452
401628453
401628454
401628455
401628456
401628457
401628458
401628459
401628460
401628461
401628462
401628463
401628464
401628465
401628466
401628467
401628468
401628469
401628470
401628471
401628472
401628473
401628474
401628475
401628476
401628477
401628478
401628479
401628480
401628481
401628482
401628483
401628484
401628485
401628486
401628487
401628488
401628489
401628490
401628491
401628492
401628493
401628494
401628495
401628496
401628497
401628498
401628499
401628500
401628501
401628502
401628503
401628504
401628505
401628506
401628507
401628508
401628509
401628510
401628511
401628512
401628513
401628514
401628515
401628516
401628517
401628518
401628519
401628520
401628521
401628522
401628523
401628524
401628525
401628526
401628527
401628528
401628529
401628530
401628531
401628532
401628533
401628534
401628535
401628536
401628537
401628538
401628539
401628540
401628541
401628542
401628543
401628544
401628545
401628546
401628547
401628548
401628549
401628550
401628551
401628552
401628553
401628554
401628555
401628556
401628557
401628558
401628559
401628560
401628561
401628562
401628563
401628564
401628565
401628566
401628567
401628568
401628569
401628570
401628571
401628581
401628582
401628584
401628589
401628591
401628593
401628978
401628980
401628981
401628982
401628984
401628985
401629030
401629034
401632062
401634169
401634197
401634206
401634212
401634240
401634247
401634299
401634300
401634301
401634302
401634303
401634304
401634305
401634306
401634765
401634766
401634767
401634768
401634769
401634770
401634771
401634772
401634773
401634779
401635516
401635517
401635518
401635525
401635531
401635532
401635533
401635534
401635535
401635536
401635537
401635538
401635539
401635540
401635541
401635542
401635543
401635544
401635545
401635546
401635547
401635548
401635551
401635552
401635553
401635554
401635555
401635556
401635557
401635558
401635560
401635561
401635562
401635563
401635564
401635565
401635567
401635568
401635569
401635570
401635571
401635572
401635573
401635574
401635575
401635576
401635577
401635578
401635580
401635581
401635582
401635583
401635587
401635588
401635589
401635590
401635594
401635595
401635596
401635597
401635598
401635599
401635600
401635601
401635602
401635604
401635606
401635607
401635608
401635609
401635610
401635612
401635613
401635614
401635615
401635616
401635617
401635618
401635619
401635620
401635621
401635622
401635623
401635624
401635625
401635627
401635638
401635639
401635640
401635659
401636606
401636607
401636608
401636609
401636610
401636611
401636612
401636613
401636614
401636615
401636616
401636617
401636618
401636859
401636860
401636861
401636862
401636863
401636864
401636865
401636866
401636867
401636868
401636869
401636870
401636871
401636872
401636873
401636874
401636875
401636876
401636877
401636879
401636880
401636881
401636882
401636883
401636884
401636885
401636886
401636887
401636888
401636889
401636890
401636891
401636892
401636893
401636894
401636895
401636896
401636897
401636898
401636899
401636900
401636901
401636902
401636903
401636904
401636905
401636906
401636907
401636908
401636909
401636910
401636911
401636912
401636913
401636914
401636915
401636916
401636917
401636918
401636919
401636920
401636921
401636922
401636923
401636924
401636925
401636926
401636927
401636929
401636930
401636931
401636932
401636933
401636934
401636935
401636936
401636937
401636938
401636939
401636940
401636941
401636942
401636943
401636944
401636945
401643696
401643717
401644683
401654845
401655632
401673463
401673464
401673465
401673469
